SAMPLE	TOTAL	BOTH_ALLELES_SEEN	ASE<0.05	BOTH_ALLELES_SEEN_ASE<0.05	MEAN_COVERAGE	TOTAL_TOTCOUNT=8	BOTH_ALLELES_SEEN_TOTCOUNT=8	ASE<0.05_TOTCOUNT=8	BOTH_ALLELES_SEEN_ASE<0.05_TOTCOUNT=8
HG00240.2.M_111215_5	327	158	303	134	130.7	327	158	303	134
NA20535.3.M_120202_2	215	169	185	139	47.7	215	169	185	139
HG00111.2.M_111215_4	238	197	162	121	151.9	238	197	162	121
NA20540.1.M_111124_2	187	159	96	68	102.0	187	159	96	68
HG00154.5.M_120131_7	244	212	198	166	78.7	244	212	198	166
NA12341.1.M_111124_5	270	51	246	27	113.0	270	51	246	27
NA19114.2.M_111215_7	328	287	108	67	69.3	328	287	108	67
HG00361.7.M_120219_5	143	21	140	18	165.1	143	21	140	18
NA19209.6.M_120217_1	350	293	94	37	76.1	350	293	94	37
NA12717.1.M_111124_3	259	63	227	31	79.6	259	63	227	31
NA12400.2.M_111216_2	176	43	153	20	134.3	176	43	153	20
NA20774.7.M_120219_1	142	122	39	19	84.4	142	122	39	19
NA20797.2.M_111215_6	204	80	186	62	159.6	204	80	186	62
HG00281.1.M_111124_3	194	163	152	121	84.5	194	163	152	121
NA20757.1.M_111124_1	204	183	125	104	101.3	204	183	125	104
NA20517.3.M_120202_8	237	198	135	96	89.5	237	198	135	96
HG00367.2.M_120131_1	181	156	127	102	102.1	181	156	127	102
NA12751.2.M_111215_8	279	246	80	47	84.5	279	246	80	47
NA11894.2.M_111215_4	210	176	148	114	152.1	210	176	148	114
NA20813.5.M_120131_1	232	204	88	60	91.8	232	204	88	60
NA12058.5.M_120131_7	348	83	307	42	66.9	348	83	307	42
HG00099.5.M_120131_3	182	157	110	85	87.8	182	157	110	85
NA19118.7.M_120219_8	453	384	118	49	86.6	453	384	118	49
HG00146.2.M_111216_1	289	147	253	111	91.5	289	147	253	111
HG00120.3.M_120202_2	170	142	97	69	102.3	170	142	97	69
HG00364.2.M_111215_8	252	210	146	104	127.1	252	210	146	104
NA12778.1.M_111124_4	206	173	127	94	68.0	206	173	127	94
NA18502.7.M_120219_8	449	100	414	65	107.7	449	100	414	65
NA20504.1.M_111124_7	251	190	205	144	135.2	251	190	205	144
HG00255.2.M_111216_1	247	191	202	146	65.5	247	191	202	146
NA20502.3.M_120202_4	206	59	192	45	108.8	206	59	192	45
NA20773.6.M_120119_4	239	210	121	92	135.8	239	210	121	92
HG00180.1.M_111124_8	235	199	117	81	101.2	235	199	117	81
NA07056.1.M_111124_3	200	148	167	115	230.6	200	148	167	115
NA18489.2.M_111216_1	321	269	105	53	97.3	321	269	105	53
NA20795.5.M_120131_1	246	76	228	58	112.0	246	76	228	58
HG00373.2.M_111215_6	244	212	184	152	135.5	244	212	184	152
NA18867.1.M_111124_2	331	85	295	49	76.7	331	85	295	49
HG00384.2.M_111216_4	304	256	187	139	126.0	304	256	187	139
HG00259.5.M_120131_3	306	265	211	170	114.1	306	265	211	170
NA20529.2.M_111215_6	200	91	181	72	118.3	200	91	181	72
HG00353.1.M_111124_6	174	127	151	104	66.8	174	127	151	104
HG00262.2.M_111215_8	211	172	170	131	102.2	211	172	170	131
NA20786.2.M_111215_8	202	49	182	29	88.6	202	49	182	29
NA20756.2.M_111216_6	218	182	158	122	145.8	218	182	158	122
NA20760.3.M_120202_5	174	110	156	92	39.3	174	110	156	92
HG00257.4.M_120208_5	223	190	55	22	61.0	223	190	55	22
NA10847.4.M_120208_4	204	154	159	109	129.4	204	154	159	109
HG00339.4.M_120208_1	213	192	86	65	102.0	213	192	86	65
HG00313.2.M_111216_6	209	187	144	122	129.1	209	187	144	122
NA11993.2.M_111216_4	251	66	231	46	90.2	251	66	231	46
HG00150.4.M_120208_7	224	171	175	122	131.3	224	171	175	122
HG00173.3.M_120202_1	171	136	111	76	72.1	171	136	111	76
HG00123.4.M_120208_7	222	193	139	110	167.0	222	193	139	110
HG00362.3.M_120202_2	203	167	140	104	86.1	203	167	140	104
NA20804.4.M_120208_1	236	219	138	121	116.1	236	219	138	121
HG00315.2.M_111215_5	251	226	91	66	79.8	251	226	91	66
NA12348.3.M_120202_6	132	47	123	38	132.9	132	47	123	38
NA19172.6.M_120119_1	310	140	291	121	96.6	310	140	291	121
HG00247.3.M_120202_1	220	181	181	142	78.6	220	181	181	142
NA20799.1.M_111124_3	245	64	236	55	223.9	245	64	236	55
HG00233.2.M_111215_8	236	212	54	30	93.9	236	212	54	30
NA19149.1.M_111124_2	376	312	233	169	80.8	376	312	233	169
HG00261.6.M_120119_2	262	236	116	90	109.4	262	236	116	90
NA20506.1.M_120209_2	29	12	28	11	820.6	29	12	28	11
HG00177.4.M_120208_8	213	142	190	119	126.1	213	142	190	119
NA20505.1.M_111124_6	222	185	164	127	155.5	222	185	164	127
NA20769.6.M_120119_5	230	193	187	150	123.7	230	193	187	150
NA12287.3.M_120202_3	161	140	31	10	64.1	161	140	31	10
HG00268.5.M_120131_3	226	194	152	120	152.1	226	194	152	120
NA19235.1.M_111124_6	351	211	312	172	70.8	351	211	312	172
HG00128.1.M_111124_6	214	171	124	81	182.8	214	171	124	81
HG00245.4.M_120208_6	309	277	89	57	117.2	309	277	89	57
NA20768.5.M_120131_1	218	200	128	110	109.3	218	200	128	110
NA20808.4.M_120208_6	281	253	107	79	62.8	281	253	107	79
NA20589.1.M_111124_3	201	162	139	100	96.1	201	162	139	100
HG00176.4.M_120208_2	232	203	83	54	91.9	232	203	83	54
NA12830.1.M_111124_2	167	39	150	22	235.3	167	39	150	22
HG00124.3.M_120223_7	234	205	48	19	79.2	234	205	48	19
NA18907.6.M_120217_1	305	241	195	131	133.8	305	241	195	131
NA19108.5.M_120131_7	428	343	345	260	94.7	428	343	345	260
NA19204.1.M_111124_6	346	190	315	159	113.6	346	190	315	159
NA19185.6.M_120119_4	307	81	283	57	75.3	307	81	283	57
NA20530.2.M_111215_6	73	15	71	13	96.5	73	15	71	13
HG00346.2.M_120131_1	249	221	138	110	148.4	249	221	138	110
HG00349.4.M_120208_4	238	185	187	134	107.9	238	185	187	134
NA12815.1.M_111124_3	260	145	232	117	85.2	260	145	232	117
NA18858.2.M_111216_8	284	232	140	88	112.0	284	232	140	88
HG00122.6.M_120119_1	244	211	90	57	82.2	244	211	90	57
NA12489.1.M_111124_2	204	156	162	114	174.2	204	156	162	114
HG00134.6.M_120119_6	379	141	351	113	124.2	379	141	351	113
NA18511.7.M_120219_2	562	267	508	213	121.9	562	267	508	213
NA20807.5.M_120131_1	332	296	189	153	102.9	332	296	189	153
HG00355.2.M_111215_6	343	280	167	104	112.2	343	280	167	104
NA20542.7.M_120219_2	163	82	141	60	71.0	163	82	141	60
NA19190.4.M_120208_2	377	234	337	194	84.0	377	234	337	194
HG00102.3.M_120202_8	198	177	74	53	88.0	198	177	74	53
HG00171.3.M_120202_2	170	157	28	15	108.5	170	157	28	15
NA20541.1.M_111124_4	198	140	160	102	180.1	198	140	160	102
HG00127.1.M_111124_2	266	230	180	144	132.3	266	230	180	144
NA11830.3.M_120202_4	229	160	185	116	93.7	229	160	185	116
HG00274.6.M_120119_1	191	166	38	13	67.0	191	166	38	13
HG00236.5.M_120131_5	266	97	236	67	129.8	266	97	236	67
NA20761.1.M_111124_7	234	204	146	116	177.5	234	204	146	116
NA18499.1.M_111124_2	378	321	231	174	82.1	378	321	231	174
HG00104.1.M_111124_5	228	186	185	143	127.3	228	186	185	143
HG00258.1.M_111124_6	202	153	174	125	69.9	202	153	174	125
HG00118.4.M_120208_5	258	219	149	110	124.9	258	219	149	110
HG00276.2.M_111215_8	216	176	183	143	101.6	216	176	183	143
NA19093.7.M_120219_7	375	261	334	220	80.6	375	261	334	220
HG00121.1.M_111124_7	197	160	57	20	68.1	197	160	57	20
NA20585.3.M_120202_6	170	40	155	25	38.1	170	40	155	25
HG00174.4.M_120208_3	184	155	107	78	84.0	184	155	107	78
NA19247.3.M_120223_7	385	339	94	48	101.1	385	339	94	48
NA19099.2.M_111215_7	395	270	343	218	72.4	395	270	343	218
NA18912.7.M_120219_3	429	350	330	251	126.0	429	350	330	251
HG00378.5.M_120131_5	240	201	129	90	133.2	240	201	129	90
NA19222.2.M_111216_7	305	193	272	160	133.4	305	193	272	160
HG00097.7.M_120219_2	306	261	87	42	89.2	306	261	87	42
HG00383.1.M_111124_1	248	80	230	62	94.3	248	80	230	62
NA12718.1.M_111124_7	276	34	263	21	175.1	276	34	263	21
HG00376.2.M_111216_1	269	234	140	105	104.5	269	234	140	105
HG00179.1.M_111124_8	175	133	132	90	162.7	175	133	132	90
HG00269.2.M_111216_7	178	149	56	27	166.5	178	149	56	27
HG00133.2.M_111216_2	206	178	49	21	74.5	206	178	49	21
HG00125.1.M_111124_6	195	166	68	39	121.7	195	166	68	39
NA19095.2.M_120131_2	449	382	143	76	95.6	449	382	143	76
HG00239.7.M_120219_4	295	257	58	20	98.2	295	257	58	20
NA18916.2.M_111215_6	386	303	328	245	72.5	386	303	328	245
NA11995.7.M_120219_5	192	153	115	76	243.7	192	153	115	76
HG00356.2.M_111215_6	217	177	136	96	146.5	217	177	136	96
NA20826.1.M_111124_1	225	202	46	23	153.0	225	202	46	23
NA18933.1.M_111124_2	263	232	112	81	60.8	263	232	112	81
NA12873.7.M_120219_1	205	41	189	25	114.1	205	41	189	25
NA12006.5.M_120131_1	217	109	202	94	123.8	217	109	202	94
NA19116.2.M_111215_7	392	304	310	222	81.1	392	304	310	222
NA06989.3.M_120202_7	198	172	116	90	114.2	198	172	116	90
NA18870.6.M_120119_4	390	222	355	187	112.3	390	222	355	187
NA11892.1.M_111124_2	175	48	151	24	235.3	175	48	151	24
NA18508.1.M_111124_1	250	82	216	48	60.9	250	82	216	48
NA19129.6.M_120217_1	356	310	214	168	87.8	356	310	214	168
HG00263.6.M_120119_3	258	238	98	78	61.1	258	238	98	78
NA19102.1.M_111124_1	385	302	309	226	71.6	385	302	309	226
NA12044.4.M_120208_8	197	29	182	14	79.5	197	29	182	14
NA12761.6.M_120119_2	214	200	53	39	95.6	214	200	53	39
HG00381.3.M_120202_7	129	114	58	43	113.4	129	114	58	43
NA11920.2.M_120131_1	251	107	230	86	116.7	251	107	230	86
HG00135.3.M_120202_8	172	141	61	30	102.2	172	141	61	30
HG00332.6.M_120217_1	264	192	219	147	78.4	264	192	219	147
NA12749.1.M_111124_2	189	95	165	71	140.7	189	95	165	71
NA19197.3.M_120202_2	317	64	291	38	64.6	317	64	291	38
NA11931.1.M_111124_8	186	34	173	21	103.0	186	34	173	21
HG00327.3.M_120202_4	224	164	191	131	76.7	224	164	191	131
HG00137.6.M_120217_1	201	175	55	29	76.2	201	175	55	29
HG00337.5.M_120131_5	174	132	152	110	69.6	174	132	152	110
HG00272.7.M_120219_7	250	208	188	146	133.3	250	208	188	146
NA18505.3.M_120202_1	266	220	75	29	53.7	266	220	75	29
HG00130.5.M_120131_7	267	98	244	75	89.1	267	98	244	75
NA20503.1.M_111124_5	193	83	175	65	169.7	193	83	175	65
HG00231.2.M_111216_2	211	119	183	91	94.1	211	119	183	91
NA20800.1.M_111124_5	229	186	171	128	139.1	229	186	171	128
NA12383.1.M_111124_3	214	51	190	27	60.3	214	51	190	27
HG00334.2.M_111216_5	224	105	197	78	125.9	224	105	197	78
HG00249.3.M_120202_4	177	146	130	99	59.0	177	146	130	99
NA18909.4.M_120208_8	325	283	94	52	89.5	325	283	94	52
NA20828.2.M_111216_8	238	216	47	25	157.2	238	216	47	25
NA12763.2.M_111216_8	263	91	241	69	87.2	263	91	241	69
HG00250.1.M_111124_4	233	205	81	53	143.0	233	205	81	53
NA12283.2.M_111216_5	190	31	179	20	82.0	190	31	179	20
HG00275.4.M_120208_8	294	251	139	96	95.2	294	251	139	96
HG00320.1.M_111124_1	230	204	140	114	56.5	230	204	140	114
HG00253.5.M_120131_7	247	206	183	142	79.3	247	206	183	142
HG00100.2.M_111215_8	196	177	106	87	115.2	196	177	106	87
HG00359.1.M_111124_6	244	208	58	22	134.1	244	208	58	22
NA19131.2.M_111215_8	433	221	396	184	91.3	433	221	396	184
NA19147.2.M_120131_2	462	325	391	254	115.3	462	325	391	254
HG00266.6.M_120119_3	224	119	197	92	159.4	224	119	197	92
HG00331.7.M_120219_8	234	206	51	23	138.5	234	206	51	23
HG00106.4.M_120208_5	212	174	140	102	132.5	212	174	140	102
HG00323.1.M_111124_4	237	214	49	26	101.8	237	214	49	26
NA18520.1.M_111124_1	332	75	306	49	103.4	332	75	306	49
HG00377.2.M_120131_2	194	174	60	40	150.8	194	174	60	40
NA20531.4.M_120208_1	259	223	135	99	105.5	259	223	135	99
HG00328.2.M_111215_4	233	198	172	137	105.5	233	198	172	137
HG00158.1.M_111124_8	288	252	87	51	132.4	288	252	87	51
HG00285.3.M_120202_5	210	89	182	61	87.7	210	89	182	61
NA19257.6.M_120119_2	335	283	90	38	96.8	335	283	90	38
NA18861.1.M_120209_2	297	178	261	142	110.5	297	178	261	142
HG00330.1.M_120209_2	221	72	198	49	85.1	221	72	198	49
NA20766.1.M_111124_4	246	80	204	38	87.8	246	80	204	38
HG00324.1.M_111124_2	225	195	155	125	159.3	225	195	155	125
HG00319.4.M_120208_7	213	175	113	75	86.2	213	175	113	75
HG00309.7.M_120219_7	311	266	237	192	108.2	311	266	237	192
NA20819.3.M_120202_2	238	204	159	125	37.8	238	204	159	125
NA19152.4.M_120208_4	344	233	298	187	93.0	344	233	298	187
HG00110.2.M_120131_2	209	182	52	25	149.9	209	182	52	25
NA18517.3.M_120202_1	208	159	154	105	60.7	208	159	154	105
HG00344.4.M_120208_2	234	189	180	135	115.1	234	189	180	135
HG00343.1.M_111124_5	266	233	173	140	119.7	266	233	173	140
HG00235.1.M_111124_1	196	164	147	115	153.3	196	164	147	115
NA12004.4.M_120208_5	192	160	82	50	209.0	192	160	82	50
NA12890.1.M_111124_3	165	47	148	30	104.3	165	47	148	30
NA20790.2.M_111215_6	233	210	111	88	100.4	233	210	111	88
NA12843.6.M_120119_4	209	53	192	36	64.4	209	53	192	36
HG00326.1.M_111124_7	190	162	93	65	98.1	190	162	93	65
NA12273.1.M_111124_4	195	77	171	53	63.4	195	77	171	53
NA07037.6.M_120119_4	221	53	195	27	88.0	221	53	195	27
HG00178.4.M_120208_8	226	196	47	17	65.8	226	196	47	17
NA20507.1.M_111124_7	227	201	62	36	113.5	227	201	62	36
NA20508.1.M_111124_2	241	186	210	155	161.8	241	186	210	155
HG00232.7.M_120219_3	182	115	168	101	189.3	182	115	168	101
NA19137.1.M_111124_7	310	271	157	118	144.3	310	271	157	118
NA12249.1.M_120209_1	167	126	138	97	230.6	167	126	138	97
HG00282.2.M_111216_6	149	135	56	42	79.8	149	135	56	42
NA12275.7.M_120219_5	335	64	307	36	74.3	335	64	307	36
NA20771.2.M_111215_7	218	196	59	37	119.5	218	196	59	37
HG00306.1.M_111124_1	232	176	187	131	162.2	232	176	187	131
NA18873.4.M_120208_7	414	175	378	139	85.8	414	175	378	139
NA20582.4.M_120208_2	222	190	105	73	80.8	222	190	105	73
NA20772.3.M_120223_6	237	138	208	109	103.6	237	138	208	109
NA19225.1.M_120209_2	316	226	280	190	105.4	316	226	280	190
HG00238.5.M_120131_5	278	237	140	99	143.1	278	237	140	99
NA20802.1.M_111124_7	252	228	104	80	113.9	252	228	104	80
HG00350.3.M_120202_3	153	124	89	60	50.7	153	124	89	60
